89 95 85
90 90 90
91 90 88
86 91 87
190 38 1
197 39 10
190 12 8
84 90 86
191 13 0
192 9 5
82 93 89
187 21 25
188 7 0
158 60 59
192 16 3
88 93 96
199 41 38
197 40 5
84 94 96
191 39 0
83 95 95
110 88 90
79 91 89
187 25 2
189 16 0
191 27 0
199 5 5
192 49 5
87 91 90
190 31 1
190 7 1
89 91 90
90 90 90
90 88 89
191 22 0
189 18 1
191 37 1
190 24 0
187 15 1
189 23 0
150 82 79
189 13 0
90 87 94
195 13 2
184 12 2
134 76 74
158 64 62
200 5 11
190 8 5
190 7 3
104 93 91
191 8 0
131 75 74
91 91 89
125 81 82
86 90 91
191 6 1
187 6 0
190 31 1
193 8 3
190 9 2
189 35 1
196 15 6
191 30 1
191 13 1
189 28 0
145 81 71
192 43 0
192 45 1
190 48 0
190 36 0
192 40 3
191 54 0
167 63 24
191 15 0
192 38 0
156 63 58
190 43 0
189 36 2
168 73 67
191 49 1
191 49 1
91 90 88
183 78 49
151 86 80
196 49 6
192 59 3
90 92 91
89 89 87
162 76 63
191 54 0
192 45 1
191 49 0
191 37 0
191 44 0
191 32 2
190 7 1
189 30 0
190 41 1
192 47 2
191 42 0
189 23 0
191 20 0
191 44 0
189 11 0
192 40 1
190 21 0
192 28 1
184 12 0
189 23 0
190 24 0
87 89 88
191 32 3
197 2 0
189 11 0
189 11 0
91 93 90
190 7 1
87 88 92
190 29 1
190 33 0
191 25 1
191 18 1
176 26 28
191 32 2
193 48 3
190 29 0
192 35 0
191 49 1
191 56 0
191 49 0
192 59 0
191 27 0
106 101 97
191 61 1
191 42 0
191 39 0
192 52 1
191 56 1
192 50 0
192 59 0
190 48 0
192 52 0
190 55 0
190 62 1
89 89 87
191 61 1
191 66 2
191 63 0
191 56 1
193 51 1
191 56 0
192 57 1
192 64 1
191 56 1
191 51 2
190 43 0
191 54 0
191 37 1
191 58 1
86 88 85
192 47 2
189 42 0
193 58 2
83 93 84
190 29 0
190 43 0
191 42 0
191 49 1
191 8 0
189 6 0
191 46 1
191 20 0
190 17 0
191 32 0
88 89 91
192 10 0
90 90 90
90 90 90
193 5 3
91 89 92
191 37 1
191 42 0
183 33 34
90 90 90
190 19 1
190 9 0
191 46 1
191 56 1
190 53 0
190 55 0
192 64 1
190 60 0
191 58 1
192 57 1
191 58 1
192 67 1
90 90 90
191 37 1
190 48 0
192 64 1
192 64 1
191 61 1
192 71 0
189 64 0
190 67 0
191 56 0
192 64 1
191 73 1
90 87 94
192 64 1
190 67 0
190 55 0
193 65 0
192 62 2
96 90 90
192 71 2
191 68 1
192 59 0
191 63 0
192 50 0
192 57 1
90 90 90
191 68 0
188 17 0
193 63 1
192 64 1
191 68 1
192 62 0
189 52 0
192 45 1
191 49 0
190 24 0
90 90 90
189 30 0
191 51 0
188 10 0
93 93 93
189 23 0
113 95 91
193 17 2
90 90 90
90 90 90
90 90 90
190 17 0
190 55 0
90 90 90
190 24 0
198 9 7
191 39 0
190 60 0
191 61 1
190 67 0
190 67 0
191 68 0
192 74 0
190 65 0
191 73 1
192 69 1
192 71 0
191 49 1
190 65 0
192 69 1
192 64 0
191 73 1
192 71 0
191 73 0
192 59 0
192 62 0
192 76 0
191 66 0
191 68 1
90 90 88
192 74 0
192 76 0
194 65 8
200 60 7
91 93 92
192 76 0
192 74 0
192 71 0
192 71 0
191 70 1
191 63 0
192 57 1
190 60 0
191 32 2
190 65 0
190 31 1
90 90 90
192 62 0
193 80 0
191 56 1
191 61 1
191 66 0
191 58 1
192 52 0
188 4 2
190 55 0
192 47 2
90 86 85
191 32 2
185 26 23
191 37 1
90 90 90
197 13 1
88 90 87
90 90 90
90 90 90
204 11 4
98 92 94
192 74 0
190 24 0
192 71 0
190 67 0
190 67 0
192 71 0
192 71 2
192 74 0
193 77 0
192 69 1
191 68 0
192 71 0
191 63 0
192 69 1
192 71 0
194 78 1
192 79 0
192 74 0
190 67 0
192 69 1
193 77 0
191 75 0
191 75 0
192 74 0
114 95 91
191 70 1
192 71 0
94 95 89
192 71 0
193 72 1
192 76 0
192 74 0
191 78 0
192 74 0
193 77 0
191 73 1
193 70 0
191 66 0
191 68 0
90 90 90
192 45 1
191 49 1
192 79 0
192 69 1
192 74 0
190 65 0
191 49 0
191 61 1
192 16 1
191 44 0
192 45 1
191 37 1
187 34 0
190 24 0
191 32 0
90 90 90
90 90 90
90 90 90
90 90 90
90 90 90
87 90 97
193 24 1
191 37 0
191 49 0
192 71 0
191 70 1
192 74 0
192 76 0
193 77 0
192 79 1
191 78 0
192 79 0
192 76 0
191 73 0
192 71 0
191 75 0
191 56 0
192 79 0
191 80 0
192 81 0
192 79 0
193 80 0
191 78 0
193 82 1
192 74 0
193 69 5
192 81 0
193 77 0
192 76 0
127 94 89
195 74 1
193 77 0
193 77 0
192 81 0
192 83 0
192 79 1
193 77 0
193 72 1
192 76 0
192 74 0
193 77 0
191 49 1
191 66 0
90 90 90
194 83 1
89 91 90
192 79 0
192 64 1
191 61 1
191 44 0
88 88 90
192 38 0
91 93 90
191 49 1
192 32 0
188 23 1
76 91 86
138 78 68
191 61 1
190 55 0
90 90 90
187 27 1
90 90 90
192 79 0
190 48 0
190 38 0
192 57 1
191 68 0
191 70 1
192 76 0
192 81 0
192 81 0
192 81 2
192 83 0
192 83 0
193 84 1
192 76 0
192 70 3
193 84 1
191 85 1
191 85 1
193 84 1
192 79 1
191 78 0
192 81 0
191 78 0
192 79 0
192 83 0
183 89 53
193 72 1
193 82 0
192 79 0
192 86 0
192 81 0
193 82 1
192 83 1
191 85 1
193 82 1
192 83 0
193 80 0
193 77 0
192 71 0
192 74 0
191 73 1
192 69 1
191 32 2
193 72 1
90 90 90
192 79 0
190 60 0
183 25 0
191 56 1
191 44 0
191 37 1
195 32 1
191 63 0
190 53 0
191 63 0
192 34 0
190 43 0
192 59 2
90 90 90
90 90 90
90 90 90
90 90 90
90 90 90
105 92 86
90 90 90
191 66 0
192 64 0
193 77 0
191 78 0
192 81 0
192 83 0
192 83 0
193 84 1
191 85 1
191 85 1
191 87 0
192 86 0
192 86 0
192 83 0
192 83 0
193 82 0
192 86 0
193 80 0
192 86 0
193 84 1
193 84 1
192 88 0
192 86 0
191 85 1
194 77 0
192 77 10
192 86 0
192 83 0
195 72 2
193 77 0
190 86 0
192 86 0
192 86 0
191 85 1
193 84 1
192 79 0
193 84 1
192 79 0
194 73 0
192 81 0
193 77 0
192 47 0
191 58 1
10 12 9
89 91 88
191 68 1
192 52 1
191 39 0
192 32 6
192 45 1
91 91 91
190 50 0
190 43 0
200 25 6
194 40 6
90 90 90
90 90 90
90 90 90
90 90 90
90 90 90
196 38 1
192 64 1
191 56 0
191 61 1
192 71 0
191 78 0
193 82 0
193 82 0
193 84 1
190 89 1
220 101 1
191 87 0
190 89 0
192 86 0
192 86 0
190 74 0
192 79 0
193 82 0
192 86 0
191 87 0
191 85 1
191 85 0
192 86 0
192 81 0
192 81 0
188 80 5
89 91 88
79 91 91
95 90 94
191 78 0
90 90 90
190 89 1
193 87 1
189 91 0
196 87 2
192 86 0
192 86 2
192 88 0
193 84 1
193 82 0
192 81 0
193 77 0
190 65 0
196 86 0
192 74 0
192 74 0
190 60 0
90 90 90
214 102 2
1 0 0
193 72 1
191 68 0
86 99 92
191 66 0
191 42 0
191 54 0
190 48 2
191 45 8
189 53 1
90 90 90
90 90 90
90 90 90
92 89 98
192 62 2
193 51 1
192 69 1
193 80 0
191 78 0
194 83 1
193 82 1
204 90 1
206 96 1
201 89 5
213 99 0
226 112 0
199 89 4
192 88 0
192 86 0
193 87 1
192 81 0
90 90 90
227 112 5
191 82 0
191 82 0
90 90 90
197 87 2
191 82 0
195 84 2
197 88 5
92 90 95
89 91 90
192 88 3
90 90 90
91 87 86
193 87 0
194 87 7
193 87 0
232 116 3
210 18 17
209 94 1
204 68 6
198 88 0
195 85 0
192 81 0
194 83 1
193 72 1
191 54 0
193 56 2
199 88 0
195 85 0
90 90 90
159 97 60
90 90 90
192 76 0
90 90 90
190 60 2
194 69 2
200 40 6
195 63 1
16 21 14
77 15 2
94 90 91
90 90 90
90 90 90
90 90 90
196 60 2
1 1 1
94 88 92
193 72 1
195 78 0
192 81 0
194 84 0
197 87 0
206 95 3
207 12 6
215 5 8
78 89 95
235 120 3
83 95 95
85 92 98
190 88 3
90 90 90
89 91 90
90 90 90
90 92 91
90 90 90
95 86 89
96 88 85
93 91 94
88 92 93
160 99 52
90 90 90
94 90 91
90 90 90
90 90 90
223 8 5
85 85 87
236 117 0
230 114 1
230 107 1
223 10 12
204 93 1
62 16 3
205 95 0
202 91 1
193 82 0
192 79 0
192 83 0
197 75 2
192 68 4
90 90 90
135 92 83
90 90 90
90 90 90
230 121 2
87 91 94
206 11 17
191 65 7
186 48 0
60 12 0
190 42 14
6 1 7
191 58 1
193 53 2
90 90 90
90 90 90
90 90 90
90 90 90
2 0 1
3 0 0
19 6 0
193 80 2
193 82 0
193 82 0
211 102 1
198 86 0
203 12 17
212 99 3
200 11 15
211 11 11
216 10 10
236 125 18
90 90 90
90 90 92
88 89 93
90 90 90
89 89 89
90 90 90
90 90 90
90 90 90
90 90 90
90 90 90
90 90 90
90 90 90
90 90 90
90 90 90
90 90 90
90 90 90
90 90 90
90 90 90
90 90 90
237 10 3
225 7 6
221 9 8
209 13 15
216 10 10
209 99 4
203 92 0
200 89 0
195 85 0
193 82 0
151 70 4
3 1 2
87 32 1
90 90 90
0 1 0
193 44 11
0 2 1
90 90 90
1 1 0
86 91 94
189 60 3
189 64 0
87 90 95
190 57 1
189 53 1
90 90 90
90 90 90
91 89 90
188 52 4
90 90 90
190 67 0
6 0 2
3 3 1
0 1 6
194 82 0
194 81 1
196 86 1
200 89 0
206 93 0
211 11 11
221 9 8
232 6 7
227 8 6
96 86 87
211 19 18
97 88 91
90 90 90
90 90 90
90 90 90
90 90 90
90 90 90
90 90 90
90 90 90
90 90 90
90 90 90
90 90 90
90 90 90
90 90 90
90 90 90
230 51 8
90 90 90
159 81 69
87 91 92
226 56 7
222 8 6
90 90 90
207 13 11
205 92 0
203 92 0
214 10 11
201 90 1
193 76 0
0 0 0
0 0 0
1 1 3
90 90 90
2 2 4
194 52 6
89 90 84
178 74 37
89 94 88
90 90 90
90 90 90
90 90 90
225 0 10
0 0 0
255 255 255
90 92 91
212 9 12
148 76 77
85 88 93
82 92 94
184 52 4
194 66 1
0 0 0
1 1 1
2 0 1
207 94 2
210 97 1
194 91 0
202 93 0
209 96 0
215 96 2
90 90 90
234 6 5
236 8 9
236 6 9
87 88 83
229 4 8
90 90 90
90 90 90
90 90 90
90 90 90
90 90 90
90 90 90
90 90 90
90 90 90
90 90 90
90 90 90
90 90 90
90 90 90
90 90 90
89 89 89
90 90 90
80 92 90
230 7 0
236 6 6
231 7 7
227 8 6
213 6 14
222 8 8
224 7 18
214 82 0
90 90 90
207 92 1
8 8 8
0 0 0
190 67 0
1 1 1
189 77 1
97 87 88
220 11 6
194 86 0
93 87 97
206 10 12
204 32 28
90 90 90
80 91 87
79 93 96
179 49 57
205 9 11
211 10 16
216 12 13
90 90 90
208 10 7
36 14 0
2 2 2
0 0 0
0 0 0
242 242 242
207 94 0
202 91 0
206 96 1
224 118 6
214 97 2
232 6 7
232 6 7
230 8 7
242 1 10
230 41 1
89 91 90
230 6 6
90 90 90
90 90 90
90 90 90
90 90 90
252 184 0
90 90 90
90 90 90
90 90 90
90 90 90
90 90 90
90 90 90
90 90 90
90 90 90
90 90 90
234 5 10
82 94 92
232 8 8
239 5 4
227 7 9
236 6 6
219 3 8
252 188 2
210 97 1
213 131 5
216 99 3
1 1 3
205 95 0
199 199 199
71 71 71
0 0 0
238 2 2
214 10 13
198 28 28
2 2 2
85 91 89
214 12 8
90 90 90
61 98 91
219 10 6
215 10 5
218 10 10
218 10 10
213 11 11
213 11 11
1 1 1
148 148 148
194 82 0
192 192 192
252 252 252
0 0 2
180 85 5
1 1 1
174 111 0
223 125 0
237 5 5
240 77 12
229 5 6
235 5 7
238 124 0
238 111 8
94 90 89
90 90 90
241 9 9
90 90 90
90 90 90
90 90 90
90 90 90
90 90 90
90 90 90
238 4 5
90 90 90
90 90 90
90 90 90
88 88 88
90 90 90
240 0 0
89 89 91
237 9 8
89 91 90
94 90 91
236 7 1
238 119 1
240 119 2
253 183 0
210 154 5
229 118 0
249 163 0
217 100 7
90 90 90
1 2 6
86 90 89
0 1 5
192 81 0
72 36 2
36 14 0
221 9 8
195 83 1
226 8 6
221 9 8
90 90 90
90 90 90
197 60 67
227 15 14
234 9 5
224 9 7
224 9 7
232 7 11
194 83 1
213 51 5
66 66 66
0 0 0
203 92 3
1 1 1
2 0 1
33 17 2
219 102 6
254 161 4
234 5 0
255 165 2
253 163 4
240 119 2
253 172 3
90 90 90
238 124 0
90 90 90
130 84 84
90 90 90
90 90 90
90 90 90
90 90 90
90 90 90
90 90 90
90 90 90
90 90 90
90 90 90
90 90 90
87 90 95
91 91 93
90 91 93
244 13 5
235 123 0
242 119 0
85 88 93
252 174 6
235 166 1
248 161 6
193 116 2
255 167 5
221 104 1
91 93 92
205 127 1
84 94 96
255 163 2
194 83 4
255 255 255
230 107 11
237 3 2
199 87 1
229 5 3
229 12 7
92 92 80
227 7 7
89 90 94
224 11 13
223 9 7
224 15 18
226 6 6
239 5 8
249 128 13
231 7 7
227 7 7
234 6 5
230 35 3
231 7 7
0 0 0
233 105 8
225 108 5
0 3 6
249 159 11
255 164 5
254 160 0
90 90 90
90 90 90
91 90 86
242 127 2
90 90 90
90 90 90
86 85 90
90 90 90
253 166 11
90 90 90
225 148 42
87 88 90
84 92 95
90 90 90
93 87 91
91 90 88
90 90 90
90 90 90
90 90 90
90 84 86
88 86 89
253 154 0
252 174 3
170 107 10
241 153 4
90 90 90
82 93 87
255 170 2
90 90 90
2 1 0
228 105 1
1 3 2
255 162 0
89 89 97
235 5 7
211 145 119
78 97 91
237 7 9
104 90 87
232 8 8
238 3 0
90 90 90
90 89 97
238 6 6
232 8 8
236 9 2
234 6 5
246 0 3
152 58 56
81 92 94
226 108 0
238 6 6
109 59 32
242 8 7
237 5 1
229 51 49
0 0 2
202 99 4
255 108 2
255 115 2
91 99 101
185 123 74
119 49 0
255 145 6
77 9 0
255 147 4
251 121 1
254 157 1
186 119 64
90 90 90
254 133 2
60 0 0
252 140 4
88 90 89
255 146 7
89 91 90
253 154 0
255 122 1
239 144 2
255 127 0
100 40 3
205 122 56
187 88 0
255 139 2
254 165 0
66 84 98
254 141 0
251 145 1
255 158 2
250 162 0
254 160 0
232 129 0
86 93 86
252 153 0
230 109 2
250 160 1
83 89 87
69 92 100
90 90 90
181 109 61
91 91 81
92 94 89
242 4 4
90 90 90
93 93 93
251 106 1
1 1 1
240 4 4
90 90 90
255 114 0
92 91 89
90 90 90
87 88 90
94 90 91
246 0 1
90 90 90
90 90 90
254 148 2
227 109 0
90 90 90
91 89 100
251 112 11
255 131 0
90 90 90
254 129 3
0 0 0
251 104 0
214 136 2
255 124 0
146 62 2
144 98 75
89 91 90
118 95 77
255 136 0
247 118 1
120 95 91
254 117 1
255 144 0
255 127 0
255 154 0
254 138 0
254 132 0
254 156 3
253 123 0
255 151 0
255 154 0
254 120 0
92 94 80
161 167 165
254 141 1
1 1 1
191 94 17
90 90 90
254 145 0
3 0 11
0 0 2
89 91 90
0 0 2
1 1 1
160 166 162
90 90 90
255 136 8
91 91 91
89 89 89
0 0 0
1 3 2
92 89 82
254 111 6
88 93 89
90 90 90
227 118 1
0 0 0
234 105 39
0 0 0
97 96 92
77 92 99
94 94 94
251 114 0
249 101 1
10 4 8
0 0 0
90 90 90
91 89 90
241 241 241
0 0 0
90 90 90
18 12 0
196 196 196
79 87 89
146 146 146
85 86 88
0 0 2
1 1 3
0 0 0
0 0 0
0 0 0
0 0 0
254 254 254
90 90 90
0 0 0
83 83 83
254 254 254
0 0 0
88 86 89
89 89 89
94 94 94
90 90 90
83 83 83
0 0 0
0 0 0
6 6 6
78 78 78
90 90 90
218 110 2
88 88 88
7 7 7
3 0 0
190 119 73
177 177 177
205 86 2
0 0 0
23 16 6
0 0 0
90 90 90
2 0 5
2 1 0
90 90 90
3 3 5
90 90 90
90 90 90
91 91 91
88 90 89
85 91 87
91 92 87
90 90 90
231 108 4
90 90 90
90 90 90
200 86 0
90 90 90
90 90 90
90 90 90
239 5 4
83 91 93
90 90 88
243 3 2
224 105 5
239 5 4
238 2 4
89 92 85
210 84 0
243 5 5
219 34 42
246 6 5
217 100 4
239 3 3
240 6 5
223 101 2
242 4 4
244 0 2
219 106 2
242 4 4
246 1 8
240 4 4
235 2 5
243 20 3
240 4 4
